13 14 15 3 3 3 3 3 3 3 3 3 3 3 3 3 3 3 3 3
13 14 15 3 3 3 3 3 3 3 3 3 3 3 3 3 3 3 3 3
13 14 15 3 3 3 3 3 3 3 3 3 3 3 3 3 3 3 3 3
13 14 15 3 3 3 3 3 3 3 3 3 3 3 3 3 3 3 3 3
13 14 15 3 3 3 3 3 3 3 3 3 3 3 3 3 3 3 3 3
13 14 15 3 3 3 3 3 3 3 3 3 3 3 3 3 3 3 3 3
13 14 15 3 3 3 3 3 3 3 3 3 3 3 3 3 3 3 3 3
13 14 15 3 3 3 3 3 3 3 3 3 3 3 3 3 3 3 3 3
13 14 15 3 3 3 3 3 3 3 3 3 3 3 3 3 3 3 3 3
13 14 15 3 3 3 3 3 3 3 3 3 3 3 3 3 3 3 3 3
13 14 15 3 3 3 3 3 3 3 3 3 3 3 3 3 3 3 3 3
13 14 15 3 3 3 3 3 3 3 3 3 3 3 3 3 3 3 3 3


